camera_matrix:
- - 2967.5972846674936
  - 0.0
  - 521.6745753585806
- - 0.0
  - 2972.06861430958
  - 399.4120690221336
- - 0.0
  - 0.0
  - 1.0
dist_coeff:
- - 1.1633789337634262
  - -41.59780566706664
  - 0.003987599032599497
  - -0.004878421478013746
  - 244.2126214500179
ret: 0.6912299442822003
rvecs:
- - - -0.02017393475754674
  - - -0.002005221498826162
  - - -0.00022829609926850453
tvecs:
- - - -520.8549708954386
  - - -398.8693514136597
  - - 2994.313598540142
