camera_matrix:
- - 796.5965196187706
  - 0.0
  - 519.4738172393858
- - 0.0
  - 796.5052950564265
  - 379.87648283502
- - 0.0
  - 0.0
  - 1.0
dist_coeff:
- - 0.08667363323240591
  - -0.2032636306412242
  - 0.0011042653634780024
  - -0.0015589568331448986
  - 0.0811476693906566
ret: 19.109703918300763
rvecs:
- - - -0.002451525729356982
  - - -0.011806615197604243
  - - -0.0001761147265259118
tvecs:
- - - -520.9596735556961
  - - -381.6543188768554
  - - 747.251741041048
