camera_matrix:
- - 1937.940452208268
  - 0.0
  - 517.4064701382149
- - 0.0
  - 1937.0575631483123
  - 380.9867502776505
- - 0.0
  - 0.0
  - 1.0
dist_coeff:
- - 0.4744090928835319
  - -5.8782345009833765
  - 0.0026070872700463504
  - -0.0034342371066831503
  - 6.172017221790015
ret: 4.558469892199591
rvecs:
- - - 0.022843236950569758
  - - -0.023148890255261262
  - - -0.0029425875525762334
- - - -0.020381385379655597
  - - -0.020881444848316704
  - - -0.0063849985016613065
- - - -0.019482638824581778
  - - -0.03766296541290643
  - - 0.000596104496426381
- - - -0.012148581999874494
  - - 0.005210364370125925
  - - 0.007065137479903002
- - - 0.014566249360399913
  - - -0.053452603572344846
  - - 0.0001984931008510513
- - - -0.02298874785087091
  - - -0.04537968257891763
  - - 0.00017851862489980756
tvecs:
- - - -514.3800886938434
  - - -371.6181556692367
  - - 1837.8387183700033
- - - -528.6678600074349
  - - -394.24924584021824
  - - 1886.9992938604883
- - - -519.2594464625546
  - - -391.4904010131516
  - - 1803.578026009261
- - - -505.6650612271373
  - - -399.7565649050974
  - - 1824.8429063978942
- - - -520.0006462594549
  - - -383.3833770344843
  - - 1770.2708519236962
- - - -524.8332577368001
  - - -356.0137047072767
  - - 1777.4268957793115
